1. Feistelio šifro su trimis iteracijomis raktas =[132, 235, 165]
Iteracijos funkcija (m|k)^((k//16)&m)
Iššifruokite šifrą
[[42, 164], [56, 167], [43, 170], [42, 188], [45, 164], [37, 178], [48, 175], [37, 162], [36, 170], [36, 180], [43, 166], [32, 167], [38, 184], [41, 172], [43, 168], [35, 174], [54, 171], [33, 162], [32, 176], [40, 175], [46, 168], [45, 170], [63, 165], [59, 162], [52, 190], [44, 169], [38, 188], [40, 167], [51, 170], [59, 162], [35, 176], [56, 161], [37, 162], [33, 191], [50, 175], [47, 168], [49, 177], [42, 191], [59, 178], [58, 164], [45, 168], [55, 170], [40, 167], [42, 184], [49, 174], [38, 173], [33, 166], [51, 170], [59, 162], [35, 184], [36, 180], [46, 164], [32, 186], [51, 187], [51, 170], [52, 190], [59, 162], [34, 184], [36, 162], [61, 166]]

2. Feistelio šifro su dviem iteracijomis raktas =['?', 201]
Iteracijos funkcija (m|k)^((m//16)&k)
Iššifruokite šifrą
[[164, 164], [168, 167], [184, 187], [166, 170], [161, 187], [173, 162], [166, 189], [173, 174], [171, 164], [186, 190], [172, 174], [191, 191], [167, 170], [173, 170], [161, 181], [160, 168], [160, 167], [175, 170], [162, 183], [183, 167], [161, 179], [169, 162], [185, 190], [164, 185], [170, 162], [177, 176], [162, 173], [171, 174], [191, 190], [177, 160], [166, 179], [166, 170], [183, 161], [166, 170], [177, 161], [166, 179], [166, 170], [180, 176], [166, 170], [187, 189]]

3. Feistelio šifro su dviem iteracijomis raktas nežinomas
Iteracijos funkcija (m&k)^((k%16)|m)
Iššifruokite šifrą
[[83, 19], [84, 8], [82, 22], [66, 1], [66, 30], [87, 25], [67, 13], [85, 31], [73, 3], [87, 25], [75, 29], [64, 6], [73, 18], [78, 5], [70, 28], [64, 6], [70, 28], [87, 17], [76, 23], [72, 12], [70, 0], [87, 8], [70, 29], [84, 13], [66, 4], [67, 30], [72, 3], [78, 18], [76, 10], [83, 19], [84, 15], [72, 12], [78, 14], [84, 8], [74, 16], [75, 15], [78, 14], [84, 16], [70, 0], [87, 28], [82, 17], [76, 6], [75, 1], [84, 18], [84, 8], [78, 18], [76, 15], [70, 0], [67, 9], [87, 23], [81, 23], [84, 26], [87, 25], [84, 26], [82, 17], [78, 8], [85, 17], [70, 4], [87, 25], [83, 25], [76, 12], [78, 0], [76, 10], [83, 25], [73, 15], [85, 10], [70, 5], [78, 10], [104, 71]] , jei tekstas prasidedaTO

